3639875,10
      3,100
      5,101
     13,102
      4,103
      2,104
      6,105
      7,106
      3,107
      4,108
     10,109
 975260,11
      8,110
      2,111
      4,112
     35,113
     13,114
      1,115
      3,116
      2,117
      3,118
      3,119
  39218,12
      4,120
      1,121
      1,122
      2,123
    167,124
      1,125
      4,126
      4,127
      1,128
      2,129
 285604,13
    655,130
      1,132
      2,133
      2,135
      3,137
      2,138
     21,139
   2251,14
      1,140
      3,144
      4,145
      4,146
      1,147
      2,148
      3,149
    756,15
      3,151
      2,153
      2,154
      3,155
      2,157
      3,158
      2,159
   5386,16
      5,160
      2,161
      1,162
      1,164
      1,165
      1,166
      2,167
      6,168
    178,17
      3,170
      3,172
      1,173
      4,174
      2,175
      1,176
      1,177
      4,178
      1,179
  33554,18
      1,180
      2,183
     40,184
    159,185
      3,186
      1,187
      2,188
      2,189
    974,19
      1,190
      1,191
      4,193
      6,198
8643894,2
    550,20
      1,200
      7,201
      4,202
      1,205
      1,206
      2,207
      1,208
      3,209
    449,21
      2,210
      4,213
      2,216
      2,217
      2,219
   3961,22
      2,222
      2,223
      4,224
      2,225
      1,226
      2,227
      4,228
      1,229
   3625,23
      2,234
      3,235
      6,236
   3634,24
      2,240
      1,241
      1,243
      1,244
      3,246
      1,247
      1,249
   3704,25
      3,250
      1,251
      3,252
      2,254
    132,26
    850,27
    182,28
   3618,29
2429025, 3
     36,30
   5337,31
     72,32
     54,33
  20620,34
     32,35
     34,36
     22,37
     59,38
    196,39
1079322, 4
     40,40
     28,41
     91,42
   5212,43
     23,44
     75,45
     41,46
     33,47
   3704,48
     14,49
8332800,5
     28,50
     20,51
     46,52
     16,53
   3544,54
   3589,55
   3601,56
   3752,57
     38,58
      5,59
2198636,6
     12,60
   3557,61
   3600,62
   1746,63
      3,64
      6,65
    774,66
      2,67
      3,68
      9,69
1219824,7
     12,70
     24,71
     15,72
      3,73
     15,74
      9,75
     12,76
    486,77
     13,78
      7,79
2332917,8
      3,80
      7,81
     34,82
     15,83
    165,84
      4,85
     13,86
     36,87
     34,88
      5,89
1002195,9
     15,90
      7,91
      2,92
     34,93
      5,94
      1,95
     10,96
      4,97
      2,99
